0,0,0
0.000908215,-1.35984e-06,3.06264e-06
0.0134501,-7.53614e-05,-0.000732636
0.0413938,-8.5548e-05,-0.00136261
0.0814961,-0.000173205,-0.0031436
0.133784,-0.000508203,-0.00671849
0.201646,-0.000911181,-0.00914623
0.287584,-0.000958664,-0.00876193
0.388558,0.000178372,-0.00597653
0.497965,0.00212782,-0.00431006
0.616562,0.00427412,-0.00246702
0.74216,0.00608909,-0.000851679
0.871286,0.00764055,0.000374041
1.00181,0.00878812,0.00106433
1.13174,0.00954173,0.00163545
1.25806,0.00987832,0.00167007
1.37906,0.00982912,0.00162533
1.49129,0.00952644,0.00109083
1.5962,0.00926434,0.0024059
1.68846,0.00905742,0.00387889
1.76364,0.00880922,0.00388542
1.82166,0.00826271,0.00332323
1.86383,0.00762002,0.00312469
1.90514,0.00643883,0.00161547
1.95751,0.00424776,-0.00264066
2.0237,0.00124273,-0.00694393
2.10915,-0.00188497,-0.00802384
2.20287,-0.00482906,-0.0113167
2.3107,-0.00736838,-0.0123814
2.42734,-0.0101245,-0.0131881
2.54962,-0.0127327,-0.0138454
2.67527,-0.0157082,-0.0146259
2.80289,-0.0191929,-0.0156947
2.92764,-0.0232267,-0.0171004
3.04803,-0.0277958,-0.0189641
3.1615,-0.0334061,-0.0217226
3.26642,-0.0393387,-0.0245073
3.36367,-0.0450695,-0.024943
3.44733,-0.0502418,-0.0255261
3.51432,-0.0547857,-0.027027
3.56553,-0.0588535,-0.0291472
3.60239,-0.0623724,-0.03116
3.64214,-0.0663688,-0.0334485
3.69698,-0.0717434,-0.035819
3.76449,-0.0795319,-0.0394663
3.84771,-0.0885087,-0.0425308
3.94169,-0.0981856,-0.0457911
4.04584,-0.108923,-0.0489642
4.15836,-0.120908,-0.0529177
4.27692,-0.134131,-0.0571165
4.39798,-0.148396,-0.0618497
4.52082,-0.16332,-0.0666793
4.64021,-0.178301,-0.0715822
4.75634,-0.193454,-0.0759145
4.86321,-0.207667,-0.0813272
4.96041,-0.220989,-0.0872667
5.04648,-0.232731,-0.0926837
5.12004,-0.242433,-0.097071
5.18502,-0.250108,-0.0983347
5.23836,-0.255605,-0.0985749
5.28109,-0.259464,-0.0980721
5.32897,-0.263418,-0.0961032
5.39229,-0.268409,-0.094581
5.46712,-0.274228,-0.0938648
5.55543,-0.28124,-0.0927646
5.65608,-0.289012,-0.0910852
5.76652,-0.297733,-0.0901114
5.88554,-0.306755,-0.0887821
6.00994,-0.315782,-0.0874477
6.13752,-0.324211,-0.085625
6.26718,-0.330624,-0.0824789
6.39375,-0.335459,-0.0789505
6.51658,-0.338951,-0.0748601
6.63358,-0.341498,-0.0705382
6.74165,-0.342267,-0.065712
6.83894,-0.342553,-0.0612049
6.92502,-0.342529,-0.056147
6.99104,-0.342277,-0.0541578
7.04294,-0.341664,-0.0528354
7.08278,-0.341641,-0.0516908
7.1233,-0.341891,-0.052056
7.17578,-0.342193,-0.053911
7.24113,-0.342752,-0.0554003
7.32592,-0.343293,-0.0526535
7.42309,-0.343409,-0.0487726
7.52943,-0.342792,-0.0451333
7.64479,-0.342769,-0.0417028
7.7662,-0.343515,-0.0386423
7.89063,-0.345057,-0.0363984
8.01691,-0.347567,-0.0350392
8.14013,-0.350931,-0.0346686
8.25869,-0.355127,-0.0345685
8.36276,-0.36,-0.034258
8.44776,-0.363757,-0.0336134
8.51489,-0.367562,-0.0359648
8.57621,-0.371511,-0.03767
8.63337,-0.374774,-0.0407944
8.6965,-0.378316,-0.0409766
8.75755,-0.383257,-0.0416859
8.81238,-0.386682,-0.0422771
8.85756,-0.389459,-0.0428746
8.90765,-0.392342,-0.0429596
8.97299,-0.396208,-0.043686
9.05209,-0.400923,-0.0445234
9.1415,-0.406402,-0.0457486
9.24063,-0.41225,-0.0466314
9.34791,-0.418492,-0.0474546
9.46086,-0.424903,-0.0481478
9.57712,-0.431379,-0.0487271
9.69513,-0.437844,-0.0491761
9.81069,-0.444063,-0.0495204
9.92423,-0.450047,-0.0497166
10.0305,-0.4549,-0.0499108
10.1274,-0.459661,-0.0499439
10.2132,-0.463846,-0.0498867
10.2857,-0.467305,-0.0497937
10.3437,-0.470001,-0.0496684
10.3879,-0.471997,-0.0495277
10.433,-0.474091,-0.0495034
10.4927,-0.476733,-0.0492939
10.5668,-0.479927,-0.0489731
10.6533,-0.483643,-0.0486342
10.7497,-0.487708,-0.0481983
10.8541,-0.492215,-0.0478555
10.9643,-0.496959,-0.047502
11.0777,-0.501855,-0.047174
11.1761,-0.505904,-0.046622
11.2551,-0.509742,-0.0464684
11.3288,-0.513097,-0.0465635
11.4051,-0.516336,-0.0466736
11.491,-0.520877,-0.0466845
11.5872,-0.520642,-0.046594
11.6676,-0.525221,-0.0462025
11.7409,-0.528034,-0.0459298
11.8071,-0.530894,-0.0457725
11.866,-0.533449,-0.0456307
11.9171,-0.535674,-0.0455149
11.9611,-0.537582,-0.0454029
12.0102,-0.539798,-0.045646
12.0743,-0.542668,-0.046012
12.1526,-0.546154,-0.0464419
12.2421,-0.550004,-0.0460086
12.3418,-0.55421,-0.0457218
12.4497,-0.558641,-0.0453985
12.5632,-0.563369,-0.0451101
12.6801,-0.568291,-0.0448753
12.7988,-0.573368,-0.0447098
12.915,-0.57842,-0.0446145
13.0274,-0.583426,-0.0446101
13.1303,-0.587721,-0.0444017
13.2269,-0.591491,-0.0446137
13.3134,-0.595429,-0.0447649
13.388,-0.599023,-0.0449616
13.4504,-0.602111,-0.0451676
13.5005,-0.604648,-0.045348
13.5392,-0.606643,-0.0455169
13.5818,-0.608876,-0.0460323
13.6394,-0.611893,-0.0463056
13.7112,-0.615682,-0.0466375
13.796,-0.620133,-0.0469264
13.8917,-0.625098,-0.047296
13.998,-0.630633,-0.0475949
14.1123,-0.63666,-0.0479916
14.2324,-0.643061,-0.0484144
14.3558,-0.649743,-0.0488814
14.4808,-0.656576,-0.0493541
14.6027,-0.662998,-0.0499095
14.7205,-0.670054,-0.0502103
14.8329,-0.676228,-0.05045
14.9368,-0.681702,-0.0505786
15.0298,-0.686416,-0.0505821
15.1093,-0.690293,-0.0504891
15.1743,-0.693315,-0.0503224
15.2253,-0.695551,-0.0501076
15.2626,-0.697072,-0.0498873
15.303,-0.698765,-0.0496786
15.3574,-0.700869,-0.0492839
15.4261,-0.703437,-0.048757
15.5084,-0.706311,-0.0480976
15.6021,-0.709588,-0.0470836
15.7055,-0.712975,-0.0460297
15.818,-0.716369,-0.0448213
15.9356,-0.719301,-0.0435624
16.0585,-0.721674,-0.0417431
16.1812,-0.723946,-0.0401456
16.2989,-0.725988,-0.0377266
16.4137,-0.727785,-0.0359624
16.524,-0.728935,-0.0350007
16.6268,-0.730162,-0.0351864
17.1818,-0.731343,-0.025522
17.2853,-0.731016,-0.023719
17.3978,-0.731099,-0.0213562
17.5202,-0.732054,-0.0204495
17.6484,-0.733696,-0.0200315
17.7796,-0.736117,-0.0199929
17.9125,-0.739069,-0.0201999
18.1686,-0.746257,-0.0213578
18.2885,-0.750428,-0.0224945
18.3999,-0.754842,-0.0239505
18.5023,-0.7594,-0.0269693
18.5915,-0.763921,-0.0299946
18.6617,-0.767578,-0.031012
18.7161,-0.770423,-0.0324378
18.7538,-0.772116,-0.0329739
18.7936,-0.773607,-0.0327942
18.8463,-0.77559,-0.0329103
18.9136,-0.777997,-0.0331682
18.9912,-0.780446,-0.0315482
19.0811,-0.78292,-0.0290249
19.1872,-0.785553,-0.02829
19.3049,-0.788614,-0.0283171
19.4303,-0.792027,-0.0282605
19.5618,-0.795325,-0.0281545
19.6961,-0.79805,-0.0273954
19.8324,-0.800058,-0.0262359
19.9657,-0.801083,-0.0244425
20.096,-0.80044,-0.0221897
20.2183,-0.79862,-0.0186545
20.3325,-0.795879,-0.0153391
20.435,-0.791985,-0.0123118
20.5246,-0.788074,-0.00976328
20.5971,-0.784498,-0.00667042
20.6549,-0.781691,-0.00533578
20.6956,-0.779366,-0.00360885
20.7347,-0.777056,-0.00136567
20.7849,-0.773422,0.00386744
20.8497,-0.768588,0.00907379
20.9324,-0.763776,0.0113443
21.028,-0.759631,0.012598
21.1342,-0.756358,0.0135415
21.2485,-0.7536,0.014347
21.3687,-0.751432,0.0146334
21.493,-0.749952,0.0140254
21.6185,-0.749315,0.0132765
21.7412,-0.749603,0.0120892
21.8607,-0.75178,0.00923957
21.9725,-0.755048,0.00662195
22.0755,-0.759381,0.00318607
22.1615,-0.763915,0.00271909
22.2365,-0.768738,0.00191495
22.3022,-0.774951,-0.001418
22.3565,-0.780546,-0.00455587
22.4005,-0.785952,-0.00833396
22.432,-0.790422,-0.010923
22.4697,-0.794814,-0.0138117
22.5195,-0.801518,-0.0177722
22.5828,-0.810447,-0.0230413
22.6564,-0.820328,-0.0262957
22.7475,-0.832152,-0.0338062
22.848,-0.844964,-0.0412865
22.9544,-0.858102,-0.0469862
23.0666,-0.870894,-0.0518418
23.1827,-0.883161,-0.0561117
23.2991,-0.895051,-0.0594283
23.4134,-0.905966,-0.061759
23.5253,-0.915886,-0.0640579
23.6299,-0.924428,-0.0649984
23.729,-0.932072,-0.0674496
23.8174,-0.938379,-0.0693748
23.8909,-0.943084,-0.0697544
23.9482,-0.945985,-0.0688278
23.9915,-0.947611,-0.0680371
24.0346,-0.948237,-0.0654672
24.0887,-0.948181,-0.0602655
24.6914,-0.949065,-0.0371708
24.8195,-0.949885,-0.0348564
24.9488,-0.949212,-0.0314322
25.0753,-0.947815,-0.0278206
25.1992,-0.945958,-0.0249545
25.3139,-0.943721,-0.0209339
25.4213,-0.941179,-0.0184292
25.5168,-0.938759,-0.0163011
25.5998,-0.936793,-0.0149429
25.6676,-0.934973,-0.0130158
25.7214,-0.933654,-0.0119676
25.7621,-0.932575,-0.011307
25.8065,-0.931546,-0.0112893
25.8667,-0.930088,-0.0106271
25.9396,-0.927639,-0.0092433
26.0235,-0.924995,-0.00678334
26.1149,-0.921839,-0.0023059
26.2192,-0.918299,0.000796152
26.3337,-0.91584,0.00297675
26.4545,-0.91429,0.00407437
26.579,-0.913224,0.00441366
26.7049,-0.912654,0.00443217
26.8269,-0.912402,0.00435746
26.9444,-0.912327,0.00392297
27.0544,-0.912335,0.00314759
27.1534,-0.912787,0.000792956
27.2442,-0.912436,-8.2558e-05
27.3237,-0.912522,-0.00107645
27.3877,-0.912277,-0.000396412
27.4383,-0.912047,-0.00034408
27.4746,-0.911876,-0.000500674
27.5151,-0.911629,-0.000833436
27.5679,-0.91135,-0.000554603
27.6347,-0.910811,6.49811e-05
27.7133,-0.909891,0.00189164
27.8065,-0.908984,0.00190935
27.9105,-0.908145,0.00164237
28.0221,-0.907628,0.00172653
28.1396,-0.907104,0.001771
28.2601,-0.906451,0.00206209
28.3827,-0.905743,0.00235636
28.5019,-0.904944,0.00292109
28.617,-0.904127,0.00336783
28.7253,-0.903363,0.00408382
28.8274,-0.90279,0.00326757
29.1565,-0.902014,0.000454468
29.2202,-0.901462,0.000879376
29.2969,-0.900535,0.00223679
29.3868,-0.899569,0.00222773
29.4868,-0.898664,0.00185103
29.5942,-0.897921,0.0023778
29.7084,-0.897186,0.00241922
29.8261,-0.896333,0.00258353
29.9455,-0.895547,0.00290791
30.061,-0.894473,0.00338088
30.172,-0.894344,0.00383895
30.2804,-0.893616,0.00350911
30.3809,-0.893228,0.00164983
30.4703,-0.89329,-0.000177233
30.5442,-0.893366,-0.00067884
30.6014,-0.893151,-0.00019734
30.6463,-0.893002,-0.00050893
30.6761,-0.892791,-0.000213319
30.7104,-0.892598,-0.000381631
30.7523,-0.8917,0.00374361
30.8082,-0.890402,0.00798722
30.8821,-0.888966,0.0102779
30.9722,-0.888484,0.00870654
31.0711,-0.889078,0.00628573
31.1771,-0.889489,0.00385306
31.2873,-0.8901,0.00320205
31.4006,-0.890336,0.00307662
31.5168,-0.890046,0.00298674
31.6302,-0.88951,0.00309899
31.7382,-0.888849,0.00393376
31.8409,-0.888328,0.003397
31.9344,-0.887911,0.00282295
32.0177,-0.88773,0.00200762
32.0897,-0.887534,0.00159031
32.1499,-0.887421,0.000670451
32.1959,-0.887249,0.000775646
32.2304,-0.886898,0.00145542
32.2695,-0.886483,0.00208672
32.3246,-0.88588,0.00237128
32.3946,-0.885284,0.00174331
32.4749,-0.884426,0.00331071
32.5687,-0.88422,0.00300871
32.6726,-0.883481,0.00263986
32.7851,-0.882951,0.00223998
32.9021,-0.882287,0.00247181
33.0233,-0.88166,0.00262348
33.1446,-0.881251,0.00298181
33.2627,-0.879422,0.00320392
33.3764,-0.878245,0.00435174
33.4866,-0.87736,0.00429861
33.5831,-0.876395,0.00653966
33.6662,-0.875361,0.00962373
33.7385,-0.874234,0.0125163
33.8039,-0.873696,0.0120555
33.8561,-0.873663,0.0118343
33.8979,-0.87402,0.0107445
33.943,-0.874345,0.00983372
34.001,-0.874885,0.00874476
34.0738,-0.875408,0.00743821
34.1563,-0.875645,0.00806165
34.2468,-0.875355,0.00986595
34.3461,-0.87452,0.0114863
34.4564,-0.873893,0.0102501
34.5688,-0.873642,0.00957074
34.6833,-0.873794,0.00871879
34.7943,-0.873689,0.00850947
34.9019,-0.873485,0.00809468
34.9976,-0.872801,0.0104953
35.084,-0.871851,0.0132071
35.1605,-0.870712,0.0158254
35.2299,-0.870176,0.0155985
35.2857,-0.870116,0.0156764
35.3315,-0.870328,0.0147114
35.3644,-0.870562,0.0145134
35.4009,-0.870652,0.014912
35.4525,-0.870898,0.0142548
35.5174,-0.871325,0.0134681
35.5984,-0.871802,0.0119167
35.6925,-0.872337,0.00947566
35.7964,-0.87289,0.00699253
35.9064,-0.873132,0.00614937
36.0208,-0.873087,0.00581701
36.1414,-0.87214,0.00558478
36.2626,-0.870802,0.00593193
36.3794,-0.869388,0.00702675
36.4949,-0.868078,0.0065852
36.603,-0.866912,0.00670171
36.7046,-0.866243,0.00507692
36.7955,-0.865799,0.00337183
36.871,-0.865475,0.00290591
36.9315,-0.865084,0.00257368
36.9775,-0.864666,0.00246249
37.026,-0.864131,0.00246982
37.0881,-0.863229,0.00308953
37.1617,-0.86164,0.00614631
37.2484,-0.859723,0.00867218
37.3471,-0.85746,0.0112714
37.4598,-0.855753,0.0116211
37.5814,-0.854679,0.0109958
37.7081,-0.8543,0.0102221
37.8379,-0.854122,0.00952972
37.9734,-0.853668,0.00886699
38.1031,-0.853245,0.00852651
38.229,-0.852762,0.00775406
38.3455,-0.852254,0.00776884
38.452,-0.851985,0.00899429
38.5445,-0.850842,0.0119262
38.6243,-0.849507,0.0147153
38.6942,-0.848512,0.0149876
38.7489,-0.8481,0.01521
38.7897,-0.848039,0.0155208
38.8338,-0.848101,0.0145723
38.8926,-0.848232,0.0140021
38.9651,-0.848538,0.0134266
39.0514,-0.848653,0.0122501
39.1504,-0.848787,0.0107317
39.2595,-0.848767,0.0098232
39.3771,-0.848472,0.00907019
39.5007,-0.847858,0.00839868
39.6272,-0.846969,0.00815074
39.7555,-0.845877,0.00818842
39.8799,-0.84455,0.00899163
40.0011,-0.843153,0.00945249
40.1161,-0.841784,0.00969111
40.2193,-0.840556,0.0112167
40.3082,-0.839189,0.014161
40.3847,-0.83783,0.0168719
40.4526,-0.837052,0.0161911
40.5051,-0.836793,0.0157527
40.5435,-0.836887,0.0155138
40.5824,-0.836815,0.0161067
40.6331,-0.836443,0.0192905
40.6976,-0.835916,0.0219651
40.7763,-0.835113,0.0222543
40.8666,-0.834643,0.0230186
40.9711,-0.835017,0.021466
41.085,-0.835761,0.0192863
41.2049,-0.836815,0.0168545
41.3278,-0.837169,0.0148334
41.4543,-0.838553,0.0132709
41.5758,-0.838669,0.0127129
41.6943,-0.837885,0.0114456
41.8054,-0.837748,0.0111246
41.9087,-0.837055,0.0109641
42.0012,-0.836091,0.0109447
42.0804,-0.835159,0.0109688
42.145,-0.83437,0.0110032
42.1955,-0.833742,0.0110449
42.2323,-0.833282,0.0110839
42.2703,-0.832719,0.0119963
42.3233,-0.83197,0.0125571
42.3904,-0.830979,0.0130768
42.4714,-0.829973,0.0136162
42.5644,-0.829003,0.0134206
42.6672,-0.828092,0.0130826
42.778,-0.827265,0.012675
42.8946,-0.826409,0.0122615
43.0146,-0.825497,0.0118902
43.1362,-0.824525,0.0115798
43.2554,-0.823514,0.0113365
43.3708,-0.822484,0.0111527
43.48,-0.821472,0.0110178
43.5804,-0.820512,0.0109206
43.6699,-0.819643,0.0108493
44.141,-0.814916,0.0106602
44.2412,-0.813921,0.0106899
44.3492,-0.812874,0.01062
44.4628,-0.811794,0.0105351
44.5798,-0.810715,0.0104317
44.6986,-0.809635,0.0103264
44.8149,-0.808593,0.0102208
44.9274,-0.807592,0.010122
45.0337,-0.806653,0.0100319
45.1313,-0.805793,0.00995237
45.2179,-0.805036,0.00988219
45.2925,-0.804389,0.0098228
45.3548,-0.803852,0.00977127
45.4049,-0.803425,0.00972866
45.4437,-0.803099,0.00969377
45.484,-0.802759,0.00966688
45.5418,-0.802261,0.00966688
45.6137,-0.801652,0.00960975
45.6987,-0.800953,0.00954211
45.7945,-0.800184,0.0094473
45.9009,-0.799351,0.00932639
46.0154,-0.798481,0.00919576
46.1357,-0.797588,0.00905421
46.2593,-0.796688,0.00890774
46.3845,-0.795799,0.0087598
46.5074,-0.794941,0.00861519
46.6264,-0.794126,0.00847511
46.7391,-0.793382,0.00833423
46.8432,-0.7927,0.00821159
46.9362,-0.792087,0.00811079
47.0158,-0.791556,0.00803449
47.0809,-0.791112,0.00798149
47.1319,-0.790753,0.0079486
47.5095,-0.787801,0.00788575
47.6127,-0.786997,0.00781065
47.724,-0.786095,0.00782716
47.8411,-0.785113,0.00786991
47.9615,-0.78405,0.00794421
48.0836,-0.782942,0.00805034
48.2033,-0.781813,0.00815899
48.3192,-0.780626,0.00832011
48.4287,-0.77945,0.00849362
48.5297,-0.778314,0.00867858
48.6196,-0.777263,0.00885727
48.6961,-0.776341,0.00901933
48.7581,-0.77558,0.00915581
48.8062,-0.774975,0.00926514
48.8555,-0.774402,0.00891453
48.9214,-0.77361,0.00902945
49.0013,-0.772628,0.00919896
49.0922,-0.771467,0.00916434
49.193,-0.770204,0.00933837
49.3014,-0.768871,0.00954077
49.4156,-0.767468,0.00975183
49.5331,-0.766065,0.00991788
49.6523,-0.764719,0.0100401
49.769,-0.763478,0.0100838
49.882,-0.762355,0.010073
49.9887,-0.761366,0.0100139
50.0868,-0.760568,0.00988978
50.1738,-0.759926,0.00974158
50.2488,-0.759435,0.00958152
50.3116,-0.759071,0.00941987
50.3622,-0.758825,0.00926527
50.4014,-0.758634,0.00914982
50.4422,-0.758456,0.00901081
50.5004,-0.758251,0.00877924
50.5728,-0.758019,0.00851213
50.658,-0.757703,0.00827617
50.7543,-0.757367,0.00799028
50.8611,-0.757033,0.0076253
50.9761,-0.756621,0.00732263
51.0969,-0.75622,0.00699932
51.2209,-0.755916,0.00662088
51.3466,-0.755671,0.00624831
51.4698,-0.755481,0.00586361
51.5893,-0.755328,0.00550063
51.7025,-0.755214,0.00516307
51.8069,-0.755205,0.00481113
51.9004,-0.755231,0.00449582
51.9805,-0.755283,0.00422031
52.046,-0.755347,0.00399128
52.4769,-0.756198,0.00245543
52.5807,-0.756416,0.0022047
52.6924,-0.756684,0.00185889
52.8099,-0.756961,0.00153065
52.9307,-0.75727,0.00120295
53.0532,-0.757589,0.000895621
53.1729,-0.75823,0.000702675
53.288,-0.757912,0.000417317
53.3978,-0.75805,0.000158991
53.4992,-0.75836,-7.4968e-05
53.5896,-0.758695,-0.000294279
53.6666,-0.759,-0.000488024
53.729,-0.759259,-0.000644352
54.2717,-0.762028,-0.00106566
54.3863,-0.76261,-0.00137299
54.5043,-0.763175,-0.0016429
54.6239,-0.763714,-0.00185449
54.7411,-0.764202,-0.00203292
54.8545,-0.764632,-0.00216542
54.9617,-0.765003,-0.00225716
55.0602,-0.765305,-0.00231162
55.1477,-0.765544,-0.00233479
55.2231,-0.765699,-0.00231975
55.2863,-0.765816,-0.0023007
55.3373,-0.765888,-0.00226928
55.3768,-0.76592,-0.00223106
55.4184,-0.765938,-0.00218579
55.4747,-0.765944,-0.00211095
55.5453,-0.765897,-0.00197833
55.6307,-0.765842,-0.00173452
55.7279,-0.765797,-0.00179763
55.8353,-0.765772,-0.00166274
55.9507,-0.765728,-0.00150335
56.0723,-0.765894,-0.00130748
56.1968,-0.764956,-0.000537559
56.3231,-0.764479,-0.000296277
56.446,-0.763881,0.000351138
56.5651,-0.763371,0.000768322
56.6801,-0.762619,0.00080028
56.7841,-0.762085,0.00340325
56.8733,-0.761221,0.00877219
56.949,-0.760041,0.0124434
57.0132,-0.759529,0.0115525
57.0614,-0.759722,0.0111556
57.0972,-0.760155,0.0114957
57.1348,-0.760731,0.00926594
57.1861,-0.761579,0.00839735
57.2502,-0.762903,0.00720119
57.3303,-0.764063,0.00728068
57.4202,-0.764975,0.0100264
57.521,-0.765328,0.0125207
57.6314,-0.765945,0.0112874
57.7478,-0.767624,0.0094963
57.8673,-0.770531,0.00686629
57.9897,-0.773601,0.00433603
58.1081,-0.776703,0.00137659
58.3331,-0.783555,-0.00439661
58.3331,-0.783555,-0.00439661
58.5257,-0.789673,-0.00987753
58.6022,-0.79224,-0.00973132
58.6618,-0.79453,-0.0102636
58.7374,-0.798875,-0.0124695
58.7694,-0.800774,-0.00971162
58.8224,-0.804931,-0.012084
58.8878,-0.8107,-0.0147389
58.9561,-0.817761,-0.0170567
59.0447,-0.828045,-0.0250932
59.1497,-0.842077,-0.0318892
59.2618,-0.857359,-0.0385136
59.3809,-0.874443,-0.0469945
59.5047,-0.894348,-0.0564855
59.6315,-0.918357,-0.0677121
59.759,-0.946186,-0.0802284
59.882,-0.977321,-0.0939047
60.0001,-1.01111,-0.108621
60.1104,-1.0468,-0.123931
60.2096,-1.08378,-0.139504
60.2962,-1.12015,-0.155429
60.3677,-1.1543,-0.170618
60.4232,-1.18566,-0.184311
60.4655,-1.21058,-0.195288
60.4936,-1.22846,-0.20233
60.5216,-1.24522,-0.206554
60.5647,-1.26832,-0.21628
60.616,-1.29719,-0.228019
60.6723,-1.33122,-0.240353
60.7363,-1.37134,-0.255151
60.8076,-1.41787,-0.272141
60.8849,-1.47068,-0.290864
60.9662,-1.529,-0.311821
61.0471,-1.59088,-0.333672
61.1282,-1.65574,-0.356092
61.2067,-1.72187,-0.378031
61.2828,-1.7888,-0.399764
61.3527,-1.85341,-0.419829
61.4168,-1.9144,-0.438865
61.4738,-1.97084,-0.456622
61.5251,-2.02313,-0.472579
61.5717,-2.07168,-0.487244
61.6126,-2.11574,-0.500578
61.6492,-2.15592,-0.512462
61.679,-2.19027,-0.521411
61.705,-2.2204,-0.529815
61.7379,-2.25531,-0.539281
61.7769,-2.29837,-0.550836
61.818,-2.34733,-0.562461
61.8632,-2.40368,-0.575452
61.9121,-2.46751,-0.589681
61.9664,-2.54035,-0.607178
62.0281,-2.62373,-0.626635
62.0883,-2.7106,-0.648179
62.1471,-2.80092,-0.672459
62.2015,-2.89169,-0.698463
62.2577,-2.98715,-0.722278
62.3107,-3.08265,-0.745604
62.3597,-3.17484,-0.765289
62.4052,-3.26269,-0.784113
62.4439,-3.34171,-0.80212
62.4754,-3.41073,-0.819191
62.503,-3.47287,-0.834385
62.5257,-3.52678,-0.847607
62.544,-3.57269,-0.858671
62.5592,-3.61143,-0.867071
62.5704,-3.64674,-0.875199
62.5832,-3.68971,-0.886535
62.6007,-3.74427,-0.901635
62.6231,-3.81144,-0.921178
62.6502,-3.89195,-0.940554
62.6791,-3.98255,-0.960189
62.7082,-4.08034,-0.979237
62.7349,-4.18104,-1.00047
62.7564,-4.27939,-1.02494
62.7774,-4.38045,-1.04675
62.7935,-4.47703,-1.07125
62.8041,-4.56193,-1.09344
62.8077,-4.63382,-1.11124
62.8127,-4.70262,-1.12583
62.8176,-4.76497,-1.13775
62.8212,-4.82075,-1.14775
62.8239,-4.87226,-1.15696
62.827,-4.92391,-1.16867
62.8293,-4.97424,-1.17912
62.8298,-5.02597,-1.19077
62.8319,-5.08539,-1.20481
62.8337,-5.141,-1.21726
62.8358,-5.17698,-1.22394
62.8389,-5.21035,-1.22836
62.8404,-5.24158,-1.23336
62.844,-5.28858,-1.24193
62.8496,-5.34608,-1.25091
62.856,-5.41508,-1.26108
62.8631,-5.49376,-1.26867
62.8784,-5.59194,-1.27543
62.8985,-5.70266,-1.28262
62.9224,-5.81957,-1.2897
62.95,-5.94281,-1.29448
62.9805,-6.06988,-1.29806
63.0133,-6.19702,-1.29969
63.0481,-6.32312,-1.29988
63.0841,-6.44621,-1.29884
63.1199,-6.56398,-1.2972
63.1541,-6.67214,-1.2954
63.1853,-6.76976,-1.29575
63.2112,-6.85104,-1.29847
63.2331,-6.91891,-1.29725
63.2511,-6.9725,-1.29503
63.266,-7.01486,-1.29254
63.2812,-7.05624,-1.28665
63.301,-7.10913,-1.28004
63.3273,-7.17977,-1.27656
63.3573,-7.265,-1.27396
63.389,-7.36018,-1.27355
63.419,-7.44928,-1.27486
63.4488,-7.53982,-1.27632
63.48,-7.63554,-1.27715
63.5134,-7.73609,-1.27524
63.5465,-7.83838,-1.27259
63.5744,-7.91759,-1.27068
63.5984,-7.98876,-1.26763
63.6192,-8.05034,-1.26649
63.637,-8.10477,-1.26611
63.6528,-8.15327,-1.26691
63.6687,-8.20375,-1.26548
63.6846,-8.2555,-1.26499
63.7009,-8.30586,-1.26451
63.7144,-8.34573,-1.26403
63.7254,-8.37846,-1.26335
63.7381,-8.41572,-1.26197
63.7541,-8.46448,-1.26602
63.7734,-8.52426,-1.26801
63.7973,-8.59926,-1.26826
63.8258,-8.68784,-1.27083
63.8567,-8.78453,-1.27277
63.891,-8.89155,-1.27142
63.9273,-9.00296,-1.27078
64.174,-9.94096,-1.29363
64.1834,-9.99136,-1.29692
64.1937,-10.0553,-1.30174
64.2059,-10.1347,-1.30824
64.2186,-10.2244,-1.316
64.2334,-10.3235,-1.32337
64.2489,-10.4312,-1.33113
64.2648,-10.544,-1.33853
64.2808,-10.6604,-1.34612
64.297,-10.7787,-1.35308
64.3126,-10.8945,-1.35963
64.3266,-11.0048,-1.36517
64.3401,-11.1098,-1.3705
64.3527,-11.2061,-1.37555
64.3641,-11.2913,-1.37981
64.374,-11.3647,-1.38327
64.382,-11.4217,-1.38454
64.3884,-11.464,-1.3846
64.3961,-11.5123,-1.38687
64.406,-11.5747,-1.38917
64.418,-11.6494,-1.3914
64.4319,-11.7324,-1.38969
64.4491,-11.8287,-1.38801
64.4698,-11.9391,-1.38816
64.4925,-12.0572,-1.38782
64.5158,-12.1818,-1.38818
64.5414,-12.3076,-1.38641
64.5686,-12.4355,-1.38431
64.5962,-12.5593,-1.38087
64.6238,-12.6802,-1.37798
64.6508,-12.7953,-1.37435
64.6751,-12.9009,-1.37309
64.6973,-12.9972,-1.37007
64.7162,-13.0812,-1.36811
64.7312,-13.1483,-1.36681
64.7416,-13.1965,-1.36703
64.7486,-13.2298,-1.36772
64.7551,-13.2635,-1.36846
64.764,-13.3093,-1.36648
64.7748,-13.3664,-1.36422
64.7887,-13.4387,-1.36613
64.804,-13.5272,-1.36864
64.822,-13.6315,-1.36939
64.8404,-13.7443,-1.3722
64.86,-13.8664,-1.37507
64.8789,-13.9934,-1.37936
64.8971,-14.1242,-1.38401
64.9141,-14.257,-1.38923
64.9274,-14.3867,-1.3964
64.9388,-14.5125,-1.40378
64.9484,-14.6321,-1.41095
64.9573,-14.7464,-1.41558
64.9641,-14.8497,-1.41985
64.9697,-14.9397,-1.4236
64.9737,-15.0121,-1.42702
64.9759,-15.0662,-1.4312
64.9773,-15.1062,-1.43334
64.9785,-15.1448,-1.43641
64.9806,-15.2015,-1.4395
64.982,-15.2718,-1.4438
64.9825,-15.349,-1.45159
64.9842,-15.4424,-1.45679
64.9871,-15.5455,-1.46193
64.991,-15.6572,-1.46674
64.9953,-15.7747,-1.47164
64.9999,-15.8953,-1.47635
65.0046,-16.0176,-1.48086
65.009,-16.1364,-1.48516
65.0134,-16.2521,-1.48897
65.0175,-16.3619,-1.49229
65.0212,-16.4632,-1.49507
65.0247,-16.5534,-1.49712
65.0275,-16.6308,-1.49798
65.0296,-16.691,-1.50009
65.0313,-16.7383,-1.50095
65.033,-16.7877,-1.50161
65.0349,-16.8502,-1.50292
65.037,-16.9277,-1.50483
65.0387,-17.0146,-1.5088
65.0403,-17.1104,-1.5138
65.0421,-17.2179,-1.51691
65.0443,-17.3315,-1.51957
65.047,-17.4485,-1.52186
65.0527,-17.6845,-1.52557
65.0552,-17.7961,-1.52768
65.0571,-17.9008,-1.5301
65.0589,-18.001,-1.53004
65.0604,-18.0904,-1.52976
65.0616,-18.1634,-1.53087
65.062,-18.2212,-1.53241
65.0621,-18.2642,-1.53385
65.0621,-18.294,-1.53475
65.0624,-18.3278,-1.53515
65.0628,-18.3748,-1.53635
65.0631,-18.436,-1.53765
65.0631,-18.509,-1.54082
65.0631,-18.5958,-1.54384
65.063,-18.6936,-1.54741
65.0638,-18.8068,-1.54835
65.0679,-19.0553,-1.54901
65.0709,-19.1862,-1.54863
65.0743,-19.3174,-1.54845
65.078,-19.4476,-1.5479
65.0822,-19.5735,-1.5472
65.0866,-19.6924,-1.54667
65.1589,-20.6438,-1.519
65.1695,-20.7637,-1.51601
65.1801,-20.889,-1.51352
65.1908,-21.0179,-1.51118
65.2012,-21.1477,-1.5093
65.2122,-21.274,-1.50786
65.2224,-21.3984,-1.5062
65.2317,-21.5162,-1.50507
65.24,-21.6244,-1.50455
65.2477,-21.7249,-1.5021
65.2543,-21.8121,-1.50012
65.2595,-21.8827,-1.49978
65.2628,-21.9364,-1.50109
65.2653,-21.9783,-1.50095
65.2676,-22.0222,-1.50111
65.2707,-22.0802,-1.5018
65.2735,-22.1492,-1.50494
65.2811,-22.3321,-1.50682
65.2863,-22.4408,-1.50742
65.2918,-22.5572,-1.50873
65.2974,-22.6801,-1.50956
65.303,-22.8066,-1.51114
65.3088,-22.9345,-1.51256
65.3136,-23.0587,-1.51436
65.3179,-23.1771,-1.51614
65.3221,-23.291,-1.51728
65.3261,-23.3956,-1.51874
65.3292,-23.4848,-1.52245
65.3322,-23.5629,-1.52492
65.3348,-23.6286,-1.52547
65.337,-23.6789,-1.52589
65.3384,-23.7145,-1.52613
65.3404,-23.7545,-1.52655
65.3434,-23.8093,-1.52615
65.3474,-23.8774,-1.52588
65.3522,-23.962,-1.52446
65.3581,-24.0597,-1.523
65.3645,-24.1664,-1.52141
65.3706,-24.2787,-1.5211
65.3768,-24.3974,-1.52142
65.3828,-24.5189,-1.52139
65.3889,-24.6427,-1.5214
65.395,-24.7637,-1.52135
65.4008,-24.8799,-1.52122
65.4065,-24.9908,-1.52106
65.4116,-25.0915,-1.52142
65.4161,-25.1796,-1.52131
65.4201,-25.2565,-1.52069
7.22031,-18.5117,1.56392
